00000001
00000000
01001011
00011101
00000001
00000000
10001101
00011101
00000000
01100000
11001100
00000001
00000010
00000000
01001011
00011101
00000010
00000000
10001101
00011101
00000000
01010000
11001100
00000001
00000011
00000000
01001011
00011101
00000011
00000000
10001101
00011101
00000000
01100000
11001010
00000001
00000100
00000000
01001011
00011101
00000100
00000000
10001101
00011101
00000000
01010000
11001010
00000001
00000000
10001000
11110000
00000001
00000000
10100000
01010011
00000010
00000000
10010000
11110010
00000001
00000000
10001000
11110000
00000001
00000000
10100000
01010011
00000010
00000000
01111000
11110010
00000001
00000000
10001000
11110000
00000001
00000000
10100000
01010011
00000010
00000000
10010000
01001111
00000010
00000000
10001000
11110000
00000001
00000000
10100000
01010011
00000010
00000000
01111000
01001111
00000010